2008    60      72      -1      -1      3.77    2.90
2009    60      72      -1      -1      1.59    2.25
2010    60      72      -1      -1      1.28    2.22
2011    60      72      -1      -1      1.34    2.09
2012    60      72      -1      -1      1.21    2.15
2013    60      72      -1      -1      1.43    2.37
2014    60      72      -1      -1      0.12    2.17
2015    60      72      -1      -1      1.12    2.47
2016    60      72      -1      -1      1.09    2.26
2017    60      72      -1      -1      1.01    2.20
