2008    60      72      1       1       1.39    0.99
2009    60      72      1       1       0.72    1.74
2010    60      72      1       1       0.07    1.88
2011    60      72      1       1       0.76    1.79
2012    60      72      1       1       0.50    1.79
2013    60      72      1       1       -0.05   1.79
2014    60      72      1       1       -0.47   1.85
2015    60      72      1       1       -0.19   1.59
2016    60      72      1       1       -0.38   1.70
2017    60      72      1       1       -0.96   1.70
